112,35
0,278
0,9
113,1
113,0
10,86
10,216
10,266
10,204
10,34
10,176
10,82
10,84
11,28
11,8
11,15
8,6
111,4
111,3
111,2
111,1
111,0
108,3
108,2
108,1
108,0
107,3
107,2
107,1
107,0
20,3
20,2
20,1
19,3
19,2
19,1
18,3
18,1
14,3
14,1
13,3
13,1
12,3
12,2
12,1
11,27
11,25
11,22
11,21
11,17
11,16
11,14
11,13
11,12
11,10
11,9
11,6
11,5
11,3
11,2
11,1
10,300
10,297
10,290
10,271
10,246
10,241
10,224
10,219
10,218
10,172
10,150
10,148
10,146
10,136
10,131
10,110
10,104
10,93
10,90
10,71
10,25
10,4
10,3
10,2
10,1
9,7
9,6
9,5
9,4
9,3
9,2
9,1
8,17
8,16
8,14
8,12
8,10
8,9
8,7
8,5
